10,76
10,28
10,186
10,98
10,204
10,226
10,270
10,110
10,2
10,3
11,10
11,8
11,24
11,16
11,14
11,28
11,20
11,6
11,2
11,3
9,7
9,4
9,1
9,6
9,3
8,7
8,13
8,6
8,16
8,12
8,10
12,2
12,1
12,3
48,4
48,3
48,2
48,1
48,0
47,3
47,2
47,1
47,0
46,3
46,2
46,1
46,0
45,5
45,4
45,3
45,2
45,1
45,0
44,4
44,3
44,2
44,1
44,0
42,5
42,4
42,3
42,2
42,1
42,0
39,5
39,4
39,3
39,2
39,1
39,0
37,5
37,4
37,3
37,2
37,1
37,0
35,5
35,3
35,1
33,3
33,1
28,3
28,1
25,3
25,1
20,3
20,2
20,1
19,3
19,2
19,1
17,3
17,2
17,1
16,3
16,2
16,1
15,1
15,3
15,2
11,17
11,1
11,9
10,307
10,303
10,259
18,1
10,251
18,3
10,193
10,167
10,89
14,1
10,1
14,3
